AIMORA WIDEBAND LINE PARAMETERS
schema_version 1
route_id public_cable_route
origin native
phase_order phase_a,phase_b,phase_c
segment_count 1
frequency_count 4
total_length_m 500.0
physical_checks_passed true
quadrature_error_ohm_per_m 0.0
segment cable kind=cable length_m=500.0 source=ba17dba8988913f357aa631ff599586db060d7a18a8db4919424eaeba8b8ff2f
frequency_hz 10.0
route_series_impedance_ohm
0.022689674813536603,0.07776095103726101 0.00492851238257164,0.058795688925623694 0.004928512019972473,0.054440516792260855
0.00492851238257164,0.058795688925623694 0.022689674813536603,0.07776095103726101 0.00492851238257164,0.058795688925623694
0.004928512019972473,0.054440516792260855 0.00492851238257164,0.058795688925623694 0.022689674813536603,0.07776095103726101
route_shunt_admittance_s
0.0,1.023416473083622e-6 0.0,-4.214205580847662e-7 0.0,-1.6234510800033094e-7
0.0,-4.214205580847662e-7 0.0,1.1711953653161677e-6 0.0,-4.214205580847662e-7
0.0,-1.6234510800033094e-7 0.0,-4.214205580847662e-7 0.0,1.023416473083622e-6
frequency_hz 60.0
route_series_impedance_ohm
0.04438427476595296,0.43359340917535844 0.02951682708748924,0.319055114325226 0.029516815972877808,0.2929240829373979
0.02951682708748924,0.319055114325226 0.04438427476595296,0.43359340917535844 0.02951682708748924,0.319055114325226
0.029516815972877808,0.2929240829373979 0.02951682708748924,0.319055114325226 0.04438427476595296,0.43359340917535844
route_shunt_admittance_s
0.0,6.140498838501732e-6 0.0,-2.5285233485085967e-6 0.0,-9.740706480019854e-7
0.0,-2.5285233485085967e-6 0.0,7.027172191897006e-6 0.0,-2.5285233485085967e-6
0.0,-9.740706480019854e-7 0.0,-2.5285233485085967e-6 0.0,6.140498838501732e-6
frequency_hz 600.0
route_series_impedance_ohm
0.3359366465297868,3.821728758198427 0.2932225594552521,2.7585224168935745 0.29322169597975595,2.497212253858778
0.2932225594552521,2.7585224168935745 0.3359366465297868,3.821728758198427 0.2932225594552521,2.7585224168935745
0.29322169597975595,2.497212253858778 0.2932225594552521,2.7585224168935745 0.3359366465297868,3.821728758198427
route_shunt_admittance_s
0.0,6.140498838501731e-5 0.0,-2.528523348508597e-5 0.0,-9.740706480019856e-6
0.0,-2.528523348508597e-5 0.0,7.027172191897006e-5 0.0,-2.528523348508597e-5
0.0,-9.740706480019856e-6 0.0,-2.528523348508597e-5 0.0,6.140498838501731e-5
frequency_hz 6000.0
route_series_impedance_ohm
3.0080192592893145,33.65065098371528 2.8735958735173086,23.30754234703493 2.8735339339794796,20.694455287893415
2.8735958735173086,23.30754234703493 3.0080192592893145,33.65065098371528 2.8735958735173086,23.30754234703493
2.8735339339794796,20.694455287893415 2.8735958735173086,23.30754234703493 3.0080192592893145,33.65065098371528
route_shunt_admittance_s
0.0,0.0006140498838501731 0.0,-0.00025285233485085974 0.0,-9.740706480019857e-5
0.0,-0.00025285233485085974 0.0,0.0007027172191897006 0.0,-0.00025285233485085974
0.0,-9.740706480019857e-5 0.0,-0.00025285233485085974 0.0,0.0006140498838501731
deterministic_signature_sha256 7e8b895e33dde7d4379a3d30e1ca3f20c94f32708e350c9641d2cfce1e578d39
END WIDEBAND LINE PARAMETERS
