AIMORA WIDEBAND LINE PARAMETERS
schema_version 1
route_id public_overhead_route
origin native
phase_order phase_a,phase_b,phase_c
segment_count 1
frequency_count 4
total_length_m 1000.0
physical_checks_passed true
quadrature_error_ohm_per_m 0.0
segment overhead kind=overhead length_m=1000.0 source=a892214a22dd78a60ce3d4e3e30742195170245fd8f3db6e87f4c0890a4f9f63
frequency_hz 10.0
route_series_impedance_ohm
0.13399150729724812,0.15176615709315525 0.009717199214823608,0.07876632852852751 0.009716990656527442,0.07005602977728899
0.009717199214823617,0.07876632852852751 0.13399150729724812,0.15176615709315527 0.009717199214823601,0.07876632852852752
0.009716990656527454,0.07005602977728898 0.009717199214823615,0.07876632852852751 0.13399150729724812,0.15176615709315527
route_shunt_admittance_s
0.0,4.851053515503905e-7 0.0,-1.1116317917965321e-7 0.0,-5.532826573123295e-8
0.0,-1.111631791796532e-7 0.0,5.042682723196454e-7 0.0,-1.1116317917965319e-7
0.0,-5.5328265731232955e-8 0.0,-1.1116317917965319e-7 0.0,4.851053515503905e-7
frequency_hz 60.0
route_series_impedance_ohm
0.18133621526584498,0.8443968505405242 0.05706008962720118,0.40639831682463823 0.05705444051400674,0.354137837268207
0.05706008962720117,0.40639831682463823 0.181336215265845,0.8443968505405242 0.05706008962720118,0.4063983168246382
0.057054440514006724,0.3541378372682069 0.05706008962720116,0.4063983168246382 0.18133621526584498,0.8443968505405243
route_shunt_admittance_s
0.0,2.9106321093023425e-6 0.0,-6.669790750779192e-7 0.0,-3.3196959438739765e-7
0.0,-6.669790750779192e-7 0.0,3.0256096339178724e-6 0.0,-6.669790750779191e-7
0.0,-3.319695943873977e-7 0.0,-6.669790750779191e-7 0.0,2.9106321093023425e-6
frequency_hz 600.0
route_series_impedance_ohm
0.6550901017919629,7.623435194894249 0.5307022819313012,3.2434917055847863 0.5303627682741405,2.7210124151943447
0.5307022819313013,3.2434917055847867 0.6550901017919629,7.623435194894249 0.5307022819313013,3.243491705584787
0.5303627682741406,2.7210124151943447 0.5307022819313013,3.243491705584787 0.6550901017919629,7.623435194894249
route_shunt_admittance_s
0.0,2.910632109302343e-5 0.0,-6.669790750779192e-6 0.0,-3.3196959438739766e-6
0.0,-6.669790750779191e-6 0.0,3.0256096339178727e-5 0.0,-6.6697907507791905e-6
0.0,-3.319695943873977e-6 0.0,-6.6697907507791905e-6 0.0,2.910632109302343e-5
frequency_hz 6000.0
route_series_impedance_ohm
4.506354866250349,68.90429516486321 4.376977860928652,25.107848930559527 4.361782095545119,19.892006136345618
4.376977860928653,25.10784893055953 4.50635486625035,68.90429516486321 4.376977860928653,25.107848930559534
4.361782095545119,19.892006136345618 4.376977860928652,25.107848930559527 4.506354866250349,68.9042951648632
route_shunt_admittance_s
0.0,0.0002910632109302343 0.0,-6.669790750779192e-5 0.0,-3.3196959438739765e-5
0.0,-6.669790750779192e-5 0.0,0.00030256096339178725 0.0,-6.669790750779191e-5
0.0,-3.319695943873977e-5 0.0,-6.669790750779191e-5 0.0,0.0002910632109302343
deterministic_signature_sha256 98d66c8b90221728513dad54d2d53527b2990a6cba17b1c8e65008b91a063233
END WIDEBAND LINE PARAMETERS
