AIMORA WIDEBAND LINE PARAMETERS
schema_version 1
route_id public_mixed_route
origin native
phase_order phase_a,phase_b,phase_c
segment_count 2
frequency_count 4
total_length_m 1000.0
physical_checks_passed true
quadrature_error_ohm_per_m 1.6807764978337865e-6
segment overhead kind=overhead length_m=750.0 source=e5928bab7e56eec60143d9c0e1eac40a6838d0fc4a64cc18387c2ea35946da5e
segment cable kind=cable length_m=250.0 source=e5928bab7e56eec60143d9c0e1eac40a6838d0fc4a64cc18387c2ea35946da5e
frequency_hz 10.0
route_series_impedance_ohm
0.11191064075995028,0.15953443854234264 0.00982435942462117,0.09530192470798532 0.009824295600694612,0.08876916755108244
0.009824359424621187,0.09530192470798532 0.11191064075995029,0.15953443854234264 0.009824359339038162,0.09312433753648695
0.00982429560069461,0.08876916755108247 0.009824359339038153,0.09312433753648695 0.11191064075995028,0.15953443854234264
route_shunt_admittance_s
0.0,9.494266963208767e-7 0.0,-2.94082663427123e-7 0.0,-2.522064783408078e-7
0.0,-2.94082663427123e-7 0.0,8.899094407815451e-7 0.0,-1.6454493838490536e-7
0.0,-2.522064783408078e-7 0.0,-1.6454493838490536e-7 0.0,8.755372502046039e-7
frequency_hz 60.0
route_series_impedance_ohm
0.15920280230179526,0.890425126344042 0.0585627910067702,0.5046567956087546 0.05856096682636222,0.46546059321929034
0.05856279100677021,0.5046567956087546 0.15920280230179518,0.8904251263440418 0.058562788250929435,0.4915912728182494
0.05856096682636222,0.46546059321929034 0.058562788250929414,0.4915912728182494 0.15920280230179523,0.8904251263440419
route_shunt_admittance_s
0.0,5.69656017792526e-6 0.0,-1.7644959805627378e-6 0.0,-1.5132388700448465e-6
0.0,-1.7644959805627378e-6 0.0,5.33945664468927e-6 0.0,-9.872696303094322e-7
0.0,-1.5132388700448465e-6 0.0,-9.872696303094322e-7 0.0,5.253223501227623e-6
frequency_hz 600.0
route_series_impedance_ohm
0.6869664139844378,8.009386546539499 0.5723625812191603,4.192803110538495 0.572239498548822,3.800875834223392
0.5723625812191604,4.192803110538496 0.6869664139844378,8.009386546539499 0.572362347689988,4.062147908775746
0.572239498548822,3.8008758342233917 0.572362347689988,4.062147908775744 0.6869664139844376,8.009386546539497
route_shunt_admittance_s
0.0,5.69656017792526e-5 0.0,-1.764495980562738e-5 0.0,-1.5132388700448468e-5
0.0,-1.764495980562738e-5 0.0,5.33945664468927e-5 0.0,-9.872696303094322e-6
0.0,-1.5132388700448468e-5 0.0,-9.872696303094322e-6 0.0,5.253223501227623e-5
frequency_hz 6000.0
route_series_impedance_ohm
5.518367256244021,71.70367329546136 5.355658533922381,33.68329855093095 5.348816039404203,29.766974273844824
5.355658533922382,33.68329855093096 5.518367256244026,71.7036732954614 5.355639476464667,32.37674926518912
5.348816039404203,29.766974273844824 5.355639476464667,32.37674926518912 5.518367256244023,71.70367329546139
route_shunt_admittance_s
0.0,0.000569656017792526 0.0,-0.00017644959805627382 0.0,-0.0001513238870044847
0.0,-0.00017644959805627382 0.0,0.000533945664468927 0.0,-9.872696303094322e-5
0.0,-0.0001513238870044847 0.0,-9.872696303094322e-5 0.0,0.0005253223501227623
deterministic_signature_sha256 f52f7cb578b19fe77920c08fd378e872fd9ce4c00cdf225e82517c54abf6f823
END WIDEBAND LINE PARAMETERS
